Exercise 1
first day 0
tenth day 4
last day 1

Exercise 2
5.45
5.425
6.1
5.9
5.55
6.225
5.975
6.65
6.625
6.525

Exercise 3
the max average is: 7.225
the min average is: 5.225

Exercise 4
[0, 1, 0, 0, 2, 1, 1, 2, 6, 1, 1, 4, 4, 0, 4, 6, 1, 3, 6, 1, 3, 1, 2, 4, 6, 2, 8, 0, 1, 1, 5, 2, 2, 5, 1, 0, 0, 3, 1, 1]

Optional Exercise 
[0.0, 0.45, 1.1166666666666667, 1.75, 2.433333333333333, 3.15, 3.8, 3.8833333333333333, 5.233333333333333, 5.516666666666667, 5.95, 5.9, 8.35, 7.733333333333333, 8.366666666666667, 9.5, 9.583333333333334, 10.633333333333333, 11.566666666666666, 12.35, 13.25, 11.966666666666667, 11.033333333333333, 10.166666666666666, 10.0, 8.666666666666666, 9.15, 7.25, 7.333333333333333, 6.583333333333333, 6.066666666666666, 5.95, 5.116666666666666, 3.6, 3.3, 3.566666666666667, 2.4833333333333334, 1.5, 1.1333333333333333, 0.5666666666666667]